"album","duration","release_date","all_music_rating","recording_date","recording_locations","genre_names","genre_urls","style_names","style_urls","mood_names","mood_urls","theme_names","theme_urls","url"
"Essential Buck Owens",NA,"April 21, 2023","",NA,"","Country","https://www.allmusic.com/genre/country-ma0000002532","","","","","","","https://www.allmusic.com/album/essential-buck-owens-mw0003965669"
"Euphoric","36:13","July 28, 2023","7",NA,"Matsor Projects, CA;Valentine Studios, CA","Pop/Rock;Electronic","https://www.allmusic.com/genre/pop-rock-ma0000002613;https://www.allmusic.com/genre/electronic-ma0000002572","Indie Electronic;Left-Field Pop;Alternative Dance;Alternative/Indie Rock;Pop","https://www.allmusic.com/style/indie-electronic-ma0000012275;https://www.allmusic.com/style/left-field-pop-ma0000013523;https://www.allmusic.com/style/alternative-dance-ma0000011883;https://www.allmusic.com/style/alternative-indie-rock-ma0000012230;https://www.allmusic.com/style/pop-ma0000012254","Self-Conscious;Yearning;Declamatory;Euphoric;Introspective;Searching;Street-Smart;Swaggering;Urgent;Intense;Lonely;Sophisticated;Energetic;Fractured","https://www.allmusic.com/mood/self-conscious-xa0000001089;https://www.allmusic.com/mood/yearning-xa0000000733;https://www.allmusic.com/mood/declamatory-xa0000000971;https://www.allmusic.com/mood/euphoric-xa0000000711;https://www.allmusic.com/mood/introspective-xa0000001027;https://www.allmusic.com/mood/searching-xa0000001088;https://www.allmusic.com/mood/street-smart-xa0000001112;https://www.allmusic.com/mood/swaggering-xa0000001118;https://www.allmusic.com/mood/urgent-xa0000001133;https://www.allmusic.com/mood/intense-xa0000000721;https://www.allmusic.com/mood/lonely-xa0000000727;https://www.allmusic.com/mood/sophisticated-xa0000001100;https://www.allmusic.com/mood/energetic-xa0000000990;https://www.allmusic.com/mood/fractured-xa0000001004","Heartache;Imagination;Yearning;City Life;In Love;Relationships;Pain;Dance Party","https://www.allmusic.com/theme/heartache-ma0000006311;https://www.allmusic.com/theme/imagination-ma0000006299;https://www.allmusic.com/theme/yearning-ma0000005047;https://www.allmusic.com/theme/city-life-ma0000004247;https://www.allmusic.com/theme/in-love-ma0000005076;https://www.allmusic.com/theme/relationships-ma0000005097;https://www.allmusic.com/theme/pain-ma0000005085;https://www.allmusic.com/theme/dance-party-ma0000005051","https://www.allmusic.com/album/euphoric-mw0003965713"
"James & the Giants",NA,"June 30, 2023","7",NA,"","Pop/Rock","https://www.allmusic.com/genre/pop-rock-ma0000002613","Alternative/Indie Rock;Indie Folk;Alt-Country;Indie Rock","https://www.allmusic.com/style/alternative-indie-rock-ma0000012230;https://www.allmusic.com/style/indie-folk-ma0000012149;https://www.allmusic.com/style/alt-country-ma0000002421;https://www.allmusic.com/style/indie-rock-ma0000004453","Reflective;Laid-Back/Mellow;Loose;Melancholy;Nostalgic;Amiable/Good-Natured;Bittersweet;Brooding;Earthy;Introspective;Rustic;Intimate;Lively;Melodic;Sentimental;Thoughtful;Anguished/Distraught;Gritty;Striding;Sweet;Trippy;Wry","https://www.allmusic.com/mood/reflective-xa0000000753;https://www.allmusic.com/mood/laid-back-mellow-xa0000001032;https://www.allmusic.com/mood/loose-xa0000001449;https://www.allmusic.com/mood/melancholy-xa0000000734;https://www.allmusic.com/mood/nostalgic-xa0000000742;https://www.allmusic.com/mood/amiable-good-natured-xa0000000934;https://www.allmusic.com/mood/bittersweet-xa0000000946;https://www.allmusic.com/mood/brooding-xa0000000954;https://www.allmusic.com/mood/earthy-xa0000000981;https://www.allmusic.com/mood/introspective-xa0000001027;https://www.allmusic.com/mood/rustic-xa0000001082;https://www.allmusic.com/mood/intimate-xa0000000722;https://www.allmusic.com/mood/lively-xa0000000726;https://www.allmusic.com/mood/melodic-xa0000001127;https://www.allmusic.com/mood/sentimental-xa0000000765;https://www.allmusic.com/mood/thoughtful-xa0000001121;https://www.allmusic.com/mood/anguished-distraught-xa0000000696;https://www.allmusic.com/mood/gritty-xa0000001014;https://www.allmusic.com/mood/striding-xa0000000771;https://www.allmusic.com/mood/sweet-xa0000000773;https://www.allmusic.com/mood/trippy-xa0000000749;https://www.allmusic.com/mood/wry-xa0000001144","Reflection;Nostalgia;Relationships;Introspection;Affection/Fondness;Heartache;Imagination","https://www.allmusic.com/theme/reflection-ma0000006316;https://www.allmusic.com/theme/nostalgia-ma0000013548;https://www.allmusic.com/theme/relationships-ma0000005097;https://www.allmusic.com/theme/introspection-ma0000006318;https://www.allmusic.com/theme/affection-fondness-ma0000006327;https://www.allmusic.com/theme/heartache-ma0000006311;https://www.allmusic.com/theme/imagination-ma0000006299","https://www.allmusic.com/album/james-the-giants-mw0003967514"
"Home Sweet Home",NA,"May 26, 2023","",NA,"","Jazz","https://www.allmusic.com/genre/jazz-ma0000002674","","","","","","","https://www.allmusic.com/album/home-sweet-home-mw0003967515"
"Loving You","34:35","June 23, 2023","7",NA,"","Country","https://www.allmusic.com/genre/country-ma0000002532","Americana;Contemporary Country;Traditional Country;Alt-Country;Alternative Country-Rock","https://www.allmusic.com/style/americana-ma0000004415;https://www.allmusic.com/style/contemporary-country-ma0000002946;https://www.allmusic.com/style/traditional-country-ma0000004474;https://www.allmusic.com/style/alt-country-ma0000002421;https://www.allmusic.com/style/alternative-country-rock-ma0000012294","Earthy;Intimate;Melodic;Organic;Playful;Reflective;Warm;Amiable/Good-Natured;Bittersweet;Flowing;Graceful;Passionate;Springlike;Thoughtful;Atmospheric;Earnest;Gentle;Literate;Philosophical;Relaxed;Romantic;Sentimental;Spiritual;Tender;Understated;Yearning","https://www.allmusic.com/mood/earthy-xa0000000981;https://www.allmusic.com/mood/intimate-xa0000000722;https://www.allmusic.com/mood/melodic-xa0000001127;https://www.allmusic.com/mood/organic-xa0000001057;https://www.allmusic.com/mood/playful-xa0000001067;https://www.allmusic.com/mood/reflective-xa0000000753;https://www.allmusic.com/mood/warm-xa0000001138;https://www.allmusic.com/mood/amiable-good-natured-xa0000000934;https://www.allmusic.com/mood/bittersweet-xa0000000946;https://www.allmusic.com/mood/flowing-xa0000000713;https://www.allmusic.com/mood/graceful-xa0000001011;https://www.allmusic.com/mood/passionate-xa0000001062;https://www.allmusic.com/mood/springlike-xa0000001110;https://www.allmusic.com/mood/thoughtful-xa0000001121;https://www.allmusic.com/mood/atmospheric-xa0000000941;https://www.allmusic.com/mood/earnest-xa0000000980;https://www.allmusic.com/mood/gentle-xa0000001008;https://www.allmusic.com/mood/literate-xa0000001036;https://www.allmusic.com/mood/philosophical-xa0000001064;https://www.allmusic.com/mood/relaxed-xa0000000755;https://www.allmusic.com/mood/romantic-xa0000000758;https://www.allmusic.com/mood/sentimental-xa0000000765;https://www.allmusic.com/mood/spiritual-xa0000001105;https://www.allmusic.com/mood/tender-xa0000001119;https://www.allmusic.com/mood/understated-xa0000001130;https://www.allmusic.com/mood/yearning-xa0000000733","Healing/Comfort;Imagination;Other Times & Places;Relationships;Relaxation;Late Night;Yearning;Early Morning;Heartache;Reflection;Feeling Blue;In Love;Rainy Day;The Great Outdoors","https://www.allmusic.com/theme/healing-comfort-ma0000006273;https://www.allmusic.com/theme/imagination-ma0000006299;https://www.allmusic.com/theme/other-times-places-ma0000006277;https://www.allmusic.com/theme/relationships-ma0000005097;https://www.allmusic.com/theme/relaxation-ma0000006314;https://www.allmusic.com/theme/late-night-ma0000006321;https://www.allmusic.com/theme/yearning-ma0000005047;https://www.allmusic.com/theme/early-morning-ma0000006320;https://www.allmusic.com/theme/heartache-ma0000006311;https://www.allmusic.com/theme/reflection-ma0000006316;https://www.allmusic.com/theme/feeling-blue-ma0000004251;https://www.allmusic.com/theme/in-love-ma0000005076;https://www.allmusic.com/theme/rainy-day-ma0000005096;https://www.allmusic.com/theme/the-great-outdoors-ma0000006296","https://www.allmusic.com/album/loving-you-mw0003967757"
"Legend",NA,"June 9, 2023","",NA,"","Jazz","https://www.allmusic.com/genre/jazz-ma0000002674","","","","","","","https://www.allmusic.com/album/legend-mw0003968632"
"Boy, You Got More Blues Here!: The Wolf's West Memphis Blues, Vol. 2 (Originally Unreleased Tracks From His Earliest Sessions, 1951/52)","28:17","May 5, 2023","",NA,"","Blues;Pop/Rock","https://www.allmusic.com/genre/blues-ma0000002467;https://www.allmusic.com/genre/pop-rock-ma0000002613","","","","","","","https://www.allmusic.com/album/boy-you-got-more-blues-here%21-the-wolfs-west-memphis-blues-vol-2-originally-unreleased-tracks-from-his-earliest-sessions-1951-52-mw0003968774"
"Enigmatic Society","24:51","April 14, 2023","7",NA,"Electric Lady Studios;Larrabee Recordings Studio;Organic Grease Studio","R&B;Jazz","https://www.allmusic.com/genre/r-b-ma0000002809;https://www.allmusic.com/genre/jazz-ma0000002674","Alternative R&B;Contemporary Jazz;Contemporary R&B;Instrumental Hip-Hop","https://www.allmusic.com/style/alternative-r-b-ma0000013375;https://www.allmusic.com/style/contemporary-jazz-ma0000004545;https://www.allmusic.com/style/contemporary-r-b-ma0000002969;https://www.allmusic.com/style/instrumental-hip-hop-ma0000013592","Dreamy;Striding;Soothing;Tender;Flowing;Graceful;Organic;Poignant;Relaxed;Warm;Confident;Exploratory;Gentle;Reflective;Uplifting;Weary;Romantic","https://www.allmusic.com/mood/dreamy-xa0000000709;https://www.allmusic.com/mood/striding-xa0000000771;https://www.allmusic.com/mood/soothing-xa0000001099;https://www.allmusic.com/mood/tender-xa0000001119;https://www.allmusic.com/mood/flowing-xa0000000713;https://www.allmusic.com/mood/graceful-xa0000001011;https://www.allmusic.com/mood/organic-xa0000001057;https://www.allmusic.com/mood/poignant-xa0000001068;https://www.allmusic.com/mood/relaxed-xa0000000755;https://www.allmusic.com/mood/warm-xa0000001138;https://www.allmusic.com/mood/confident-xa0000000748;https://www.allmusic.com/mood/exploratory-xa0000001441;https://www.allmusic.com/mood/gentle-xa0000001008;https://www.allmusic.com/mood/reflective-xa0000000753;https://www.allmusic.com/mood/uplifting-xa0000001132;https://www.allmusic.com/mood/weary-xa0000001139;https://www.allmusic.com/mood/romantic-xa0000000758","Comfort;Summer;Relaxation;Day Driving;Reflection;Healing/Comfort;Meditation;Struggle;In Love;Passion;Relationships;Romance","https://www.allmusic.com/theme/comfort-ma0000006325;https://www.allmusic.com/theme/summer-ma0000004281;https://www.allmusic.com/theme/relaxation-ma0000006314;https://www.allmusic.com/theme/day-driving-ma0000006330;https://www.allmusic.com/theme/reflection-ma0000006316;https://www.allmusic.com/theme/healing-comfort-ma0000006273;https://www.allmusic.com/theme/meditation-ma0000006331;https://www.allmusic.com/theme/struggle-ma0000013591;https://www.allmusic.com/theme/in-love-ma0000005076;https://www.allmusic.com/theme/passion-ma0000005086;https://www.allmusic.com/theme/relationships-ma0000005097;https://www.allmusic.com/theme/romance-ma0000005100","https://www.allmusic.com/album/enigmatic-society-mw0003968889"
"Crown and Glory: Music Fit for a Coronation Day Celebration","02:36:37","April 28, 2023","7",NA,"","Classical","https://www.allmusic.com/genre/classical-ma0000002521","Orchestral;Choral","https://www.allmusic.com/style/orchestral-ma0000004499;https://www.allmusic.com/style/choral-ma0000004509","Anthemic;Atmospheric;Benevolent;Brassy;Celebratory;Cheerful;Confident;Driving;Energetic;Exuberant;Flowing;Lively;Marching;Martial;Melodic;Shimmering","https://www.allmusic.com/mood/anthemic-xa0000001436;https://www.allmusic.com/mood/atmospheric-xa0000000941;https://www.allmusic.com/mood/benevolent-xa0000000944;https://www.allmusic.com/mood/brassy-xa0000000950;https://www.allmusic.com/mood/celebratory-xa0000000703;https://www.allmusic.com/mood/cheerful-xa0000000704;https://www.allmusic.com/mood/confident-xa0000000748;https://www.allmusic.com/mood/driving-xa0000000978;https://www.allmusic.com/mood/energetic-xa0000000990;https://www.allmusic.com/mood/exuberant-xa0000000997;https://www.allmusic.com/mood/flowing-xa0000000713;https://www.allmusic.com/mood/lively-xa0000000726;https://www.allmusic.com/mood/marching-xa0000000729;https://www.allmusic.com/mood/martial-xa0000001043;https://www.allmusic.com/mood/melodic-xa0000001127;https://www.allmusic.com/mood/shimmering-xa0000001092","","","https://www.allmusic.com/album/crown-and-glory-music-fit-for-a-coronation-day-celebration-mw0003970472"
"Appaloosa Bones",NA,"August 18, 2023","7",NA,"","Pop/Rock","https://www.allmusic.com/genre/pop-rock-ma0000002613","Alternative Singer/Songwriter;Indie Folk;Americana","https://www.allmusic.com/style/alternative-singer-songwriter-ma0000012100;https://www.allmusic.com/style/indie-folk-ma0000012149;https://www.allmusic.com/style/americana-ma0000004415","Atmospheric;Autumnal;Bittersweet;Literate;Nocturnal;Organic;Reflective;Warm;Brooding;Earthy;Intimate;Melancholy;Plaintive;Poignant;Restrained;Somber;Soothing;Sparse;Tender;Wistful;Dreamy;Earnest;Gentle;Rustic;Elegant;Searching;Yearning;Ominous;Gritty","https://www.allmusic.com/mood/atmospheric-xa0000000941;https://www.allmusic.com/mood/autumnal-xa0000000943;https://www.allmusic.com/mood/bittersweet-xa0000000946;https://www.allmusic.com/mood/literate-xa0000001036;https://www.allmusic.com/mood/nocturnal-xa0000001054;https://www.allmusic.com/mood/organic-xa0000001057;https://www.allmusic.com/mood/reflective-xa0000000753;https://www.allmusic.com/mood/warm-xa0000001138;https://www.allmusic.com/mood/brooding-xa0000000954;https://www.allmusic.com/mood/earthy-xa0000000981;https://www.allmusic.com/mood/intimate-xa0000000722;https://www.allmusic.com/mood/melancholy-xa0000000734;https://www.allmusic.com/mood/plaintive-xa0000001066;https://www.allmusic.com/mood/poignant-xa0000001068;https://www.allmusic.com/mood/restrained-xa0000000756;https://www.allmusic.com/mood/somber-xa0000001098;https://www.allmusic.com/mood/soothing-xa0000001099;https://www.allmusic.com/mood/sparse-xa0000001103;https://www.allmusic.com/mood/tender-xa0000001119;https://www.allmusic.com/mood/wistful-xa0000001142;https://www.allmusic.com/mood/dreamy-xa0000000709;https://www.allmusic.com/mood/earnest-xa0000000980;https://www.allmusic.com/mood/gentle-xa0000001008;https://www.allmusic.com/mood/rustic-xa0000001082;https://www.allmusic.com/mood/elegant-xa0000000988;https://www.allmusic.com/mood/searching-xa0000001088;https://www.allmusic.com/mood/yearning-xa0000000733;https://www.allmusic.com/mood/ominous-xa0000001055;https://www.allmusic.com/mood/gritty-xa0000001014","Introspection;The Great Outdoors;Loss/Grief;Solitude;Stay in Bed;Summer;Autumn;Rainy Day;Sweet Dreams","https://www.allmusic.com/theme/introspection-ma0000006318;https://www.allmusic.com/theme/the-great-outdoors-ma0000006296;https://www.allmusic.com/theme/loss-grief-ma0000005065;https://www.allmusic.com/theme/solitude-ma0000006313;https://www.allmusic.com/theme/stay-in-bed-ma0000006326;https://www.allmusic.com/theme/summer-ma0000004281;https://www.allmusic.com/theme/autumn-ma0000004245;https://www.allmusic.com/theme/rainy-day-ma0000005096;https://www.allmusic.com/theme/sweet-dreams-ma0000006301","https://www.allmusic.com/album/appaloosa-bones-mw0003970821"
"Back to Baton Rouge",NA,"May 26, 2023","",NA,"","Blues","https://www.allmusic.com/genre/blues-ma0000002467","","","","","","","https://www.allmusic.com/album/back-to-baton-rouge-mw0003971105"
"Live at Yumiuri Land Open East",NA,"May 5, 2023","",NA,"","Jazz","https://www.allmusic.com/genre/jazz-ma0000002674","","","","","","","https://www.allmusic.com/album/live-at-yumiuri-land-open-east-mw0003971611"
"The Feminine Divine","39:37","July 28, 2023","7",NA,"Virtual Vocal Studio","Pop/Rock","https://www.allmusic.com/genre/pop-rock-ma0000002613","Blue-Eyed Soul;Alternative/Indie Rock","https://www.allmusic.com/style/blue-eyed-soul-ma0000012036;https://www.allmusic.com/style/alternative-indie-rock-ma0000012230","Earnest;Passionate;Searching;Sophisticated;Vulnerable;Meditative;Theatrical;Thoughtful;Confident;Graceful;Refined;Amiable/Good-Natured;Brash;Brooding;Exuberant;Rollicking;Rousing;Volatile;Calm/Peaceful;Cheerful;Effervescent;Intense;Playful;Rowdy;Boisterous;Energetic;Joyous;Melancholy","https://www.allmusic.com/mood/earnest-xa0000000980;https://www.allmusic.com/mood/passionate-xa0000001062;https://www.allmusic.com/mood/searching-xa0000001088;https://www.allmusic.com/mood/sophisticated-xa0000001100;https://www.allmusic.com/mood/vulnerable-xa0000001444;https://www.allmusic.com/mood/meditative-xa0000000732;https://www.allmusic.com/mood/theatrical-xa0000001120;https://www.allmusic.com/mood/thoughtful-xa0000001121;https://www.allmusic.com/mood/confident-xa0000000748;https://www.allmusic.com/mood/graceful-xa0000001011;https://www.allmusic.com/mood/refined-xa0000001076;https://www.allmusic.com/mood/amiable-good-natured-xa0000000934;https://www.allmusic.com/mood/brash-xa0000000949;https://www.allmusic.com/mood/brooding-xa0000000954;https://www.allmusic.com/mood/exuberant-xa0000000997;https://www.allmusic.com/mood/rollicking-xa0000001080;https://www.allmusic.com/mood/rousing-xa0000000759;https://www.allmusic.com/mood/volatile-xa0000001136;https://www.allmusic.com/mood/calm-peaceful-xa0000000701;https://www.allmusic.com/mood/cheerful-xa0000000704;https://www.allmusic.com/mood/effervescent-xa0000000986;https://www.allmusic.com/mood/intense-xa0000000721;https://www.allmusic.com/mood/playful-xa0000001067;https://www.allmusic.com/mood/rowdy-xa0000001081;https://www.allmusic.com/mood/boisterous-xa0000000699;https://www.allmusic.com/mood/energetic-xa0000000990;https://www.allmusic.com/mood/joyous-xa0000001029;https://www.allmusic.com/mood/melancholy-xa0000000734","Compassion;Freedom;Hanging Out;Biographical;Relationships;In Love;Lifecycle;Struggle","https://www.allmusic.com/theme/compassion-ma0000013567;https://www.allmusic.com/theme/freedom-ma0000005063;https://www.allmusic.com/theme/hanging-out-ma0000006297;https://www.allmusic.com/theme/biographical-ma0000005036;https://www.allmusic.com/theme/relationships-ma0000005097;https://www.allmusic.com/theme/in-love-ma0000005076;https://www.allmusic.com/theme/lifecycle-ma0000005075;https://www.allmusic.com/theme/struggle-ma0000013591","https://www.allmusic.com/album/the-feminine-divine-mw0003971845"
"Mother's Broom (from Kiki's Delivery Service)",NA,"April 14, 2023","",NA,"","Classical;Stage & Screen","https://www.allmusic.com/genre/classical-ma0000002521;https://www.allmusic.com/genre/stage-screen-ma0000004432","","","","","","","https://www.allmusic.com/album/mothers-broom-from-kikis-delivery-service-mw0003973365"
"Laundromat","24:29","June 16, 2023","7",NA,"","Pop/Rock","https://www.allmusic.com/genre/pop-rock-ma0000002613","Alternative/Indie Rock;Indie Pop;Alternative Singer/Songwriter","https://www.allmusic.com/style/alternative-indie-rock-ma0000012230;https://www.allmusic.com/style/indie-pop-ma0000004494;https://www.allmusic.com/style/alternative-singer-songwriter-ma0000012100","Self-Conscious;Vulnerable;Bittersweet;Earnest;Melancholy;Whimsical;Yearning;Bright;Melodic;Playful;Quirky;Sweet;Thoughtful;Cute;Poignant;Ramshackle;Sad;Springlike;Wistful;Animated;Bouncy;Capricious","https://www.allmusic.com/mood/self-conscious-xa0000001089;https://www.allmusic.com/mood/vulnerable-xa0000001444;https://www.allmusic.com/mood/bittersweet-xa0000000946;https://www.allmusic.com/mood/earnest-xa0000000980;https://www.allmusic.com/mood/melancholy-xa0000000734;https://www.allmusic.com/mood/whimsical-xa0000001140;https://www.allmusic.com/mood/yearning-xa0000000733;https://www.allmusic.com/mood/bright-xa0000000952;https://www.allmusic.com/mood/melodic-xa0000001127;https://www.allmusic.com/mood/playful-xa0000001067;https://www.allmusic.com/mood/quirky-xa0000000743;https://www.allmusic.com/mood/sweet-xa0000000773;https://www.allmusic.com/mood/thoughtful-xa0000001121;https://www.allmusic.com/mood/cute-xa0000001437;https://www.allmusic.com/mood/poignant-xa0000001068;https://www.allmusic.com/mood/ramshackle-xa0000001072;https://www.allmusic.com/mood/sad-xa0000000761;https://www.allmusic.com/mood/springlike-xa0000001110;https://www.allmusic.com/mood/wistful-xa0000001142;https://www.allmusic.com/mood/animated-xa0000000937;https://www.allmusic.com/mood/bouncy-ma0000005462;https://www.allmusic.com/mood/capricious-xa0000000956","Everyday Life;Yearning;Disappointment;Feeling Blue;Imagination;Playful;Relationships;Heartache;Hope;Maverick","https://www.allmusic.com/theme/everyday-life-ma0000005057;https://www.allmusic.com/theme/yearning-ma0000005047;https://www.allmusic.com/theme/disappointment-ma0000005054;https://www.allmusic.com/theme/feeling-blue-ma0000004251;https://www.allmusic.com/theme/imagination-ma0000006299;https://www.allmusic.com/theme/playful-ma0000006315;https://www.allmusic.com/theme/relationships-ma0000005097;https://www.allmusic.com/theme/heartache-ma0000006311;https://www.allmusic.com/theme/hope-ma0000005069;https://www.allmusic.com/theme/maverick-ma0000006335","https://www.allmusic.com/album/laundromat-mw0003974017"
"Super Snooper","24:15","July 14, 2023","7",NA,"The Bomb Shelter, Nashville, TN","Pop/Rock","https://www.allmusic.com/genre/pop-rock-ma0000002613","Alternative/Indie Rock;Indie Rock;Punk Revival","https://www.allmusic.com/style/alternative-indie-rock-ma0000012230;https://www.allmusic.com/style/indie-rock-ma0000004453;https://www.allmusic.com/style/punk-revival-ma0000012023","Angular;Energetic;Fractured;Powerful;Uncompromising;Aggressive;Boisterous;Crunchy;Dramatic;Exciting;Irreverent;Passionate;Rambunctious;Rebellious;Satirical;Tense/Anxious;Urgent;Cynical/Sarcastic;Driving;Humorous;Ironic;Literate;Ramshackle;Reckless;Street-Smart;Witty;Cartoonish;Messy","https://www.allmusic.com/mood/angular-xa0000000936;https://www.allmusic.com/mood/energetic-xa0000000990;https://www.allmusic.com/mood/fractured-xa0000001004;https://www.allmusic.com/mood/powerful-xa0000000747;https://www.allmusic.com/mood/uncompromising-xa0000001129;https://www.allmusic.com/mood/aggressive-xa0000000694;https://www.allmusic.com/mood/boisterous-xa0000000699;https://www.allmusic.com/mood/crunchy-xa0000000968;https://www.allmusic.com/mood/dramatic-xa0000000708;https://www.allmusic.com/mood/exciting-xa0000000994;https://www.allmusic.com/mood/irreverent-xa0000001028;https://www.allmusic.com/mood/passionate-xa0000001062;https://www.allmusic.com/mood/rambunctious-xa0000001071;https://www.allmusic.com/mood/rebellious-xa0000001075;https://www.allmusic.com/mood/satirical-xa0000001085;https://www.allmusic.com/mood/tense-anxious-xa0000000697;https://www.allmusic.com/mood/urgent-xa0000001133;https://www.allmusic.com/mood/cynical-sarcastic-xa0000000969;https://www.allmusic.com/mood/driving-xa0000000978;https://www.allmusic.com/mood/humorous-xa0000000717;https://www.allmusic.com/mood/ironic-xa0000000723;https://www.allmusic.com/mood/literate-xa0000001036;https://www.allmusic.com/mood/ramshackle-xa0000001072;https://www.allmusic.com/mood/reckless-xa0000000752;https://www.allmusic.com/mood/street-smart-xa0000001112;https://www.allmusic.com/mood/witty-xa0000001143;https://www.allmusic.com/mood/cartoonish-xa0000000957;https://www.allmusic.com/mood/messy-xa0000001046","Maverick;Freedom;Everyday Life;Imagination;Passion","https://www.allmusic.com/theme/maverick-ma0000006335;https://www.allmusic.com/theme/freedom-ma0000005063;https://www.allmusic.com/theme/everyday-life-ma0000005057;https://www.allmusic.com/theme/imagination-ma0000006299;https://www.allmusic.com/theme/passion-ma0000005086","https://www.allmusic.com/album/super-snooper-mw0003974228"
"Not That Fancy","53:58","October 6, 2023","",NA,"","Country","https://www.allmusic.com/genre/country-ma0000002532","","","","","","","https://www.allmusic.com/album/not-that-fancy-mw0003974457"
"Greatest Hits Live, Vol. 1 [Live in the UK]","48:33","February 24, 2023","",NA,"","Country","https://www.allmusic.com/genre/country-ma0000002532","","","","","","","https://www.allmusic.com/album/greatest-hits-live-vol-1-live-in-the-uk--mw0003974661"
"A Tribute to Duke","36:09","February 24, 2023","",NA,"","Jazz","https://www.allmusic.com/genre/jazz-ma0000002674","","","","","","","https://www.allmusic.com/album/a-tribute-to-duke-mw0003976010"
"Traffic In The Sky [Lee ""Scratch"" Perry x Subatomic Sound System Dub]","06:27","February 21, 2023","",NA,"","Pop/Rock;Reggae","https://www.allmusic.com/genre/pop-rock-ma0000002613;https://www.allmusic.com/genre/reggae-ma0000002820","Dub;Alternative/Indie Rock;Roots Reggae;Political Reggae;Contemporary Singer/Songwriter;Rocksteady;Reggae-Pop","https://www.allmusic.com/style/dub-ma0000002559;https://www.allmusic.com/style/alternative-indie-rock-ma0000012230;https://www.allmusic.com/style/roots-reggae-ma0000002836;https://www.allmusic.com/style/political-reggae-ma0000011834;https://www.allmusic.com/style/contemporary-singer-songwriter-ma0000012268;https://www.allmusic.com/style/rocksteady-ma0000002830;https://www.allmusic.com/style/reggae-pop-ma0000012092","Amiable/Good-Natured;Atmospheric;Confident;Eccentric;Laid-Back/Mellow;Spacey;Calm/Peaceful;Delicate;Druggy;Earthy;Eerie;Hypnotic;Intimate;Literate;Organic;Playful;Quirky;Reflective;Soothing;Springlike;Carefree;Earnest;Enigmatic;Ethereal;Freewheeling;Irreverent;Summery;Trippy;Cheerful;Gentle;Warm;Elegant;Energetic","https://www.allmusic.com/mood/amiable-good-natured-xa0000000934;https://www.allmusic.com/mood/atmospheric-xa0000000941;https://www.allmusic.com/mood/confident-xa0000000748;https://www.allmusic.com/mood/eccentric-xa0000000983;https://www.allmusic.com/mood/laid-back-mellow-xa0000001032;https://www.allmusic.com/mood/spacey-xa0000001101;https://www.allmusic.com/mood/calm-peaceful-xa0000000701;https://www.allmusic.com/mood/delicate-xa0000000972;https://www.allmusic.com/mood/druggy-xa0000000979;https://www.allmusic.com/mood/earthy-xa0000000981;https://www.allmusic.com/mood/eerie-xa0000000985;https://www.allmusic.com/mood/hypnotic-xa0000000719;https://www.allmusic.com/mood/intimate-xa0000000722;https://www.allmusic.com/mood/literate-xa0000001036;https://www.allmusic.com/mood/organic-xa0000001057;https://www.allmusic.com/mood/playful-xa0000001067;https://www.allmusic.com/mood/quirky-xa0000000743;https://www.allmusic.com/mood/reflective-xa0000000753;https://www.allmusic.com/mood/soothing-xa0000001099;https://www.allmusic.com/mood/springlike-xa0000001110;https://www.allmusic.com/mood/carefree-xa0000000702;https://www.allmusic.com/mood/earnest-xa0000000980;https://www.allmusic.com/mood/enigmatic-xa0000000991;https://www.allmusic.com/mood/ethereal-xa0000000993;https://www.allmusic.com/mood/freewheeling-xa0000001005;https://www.allmusic.com/mood/irreverent-xa0000001028;https://www.allmusic.com/mood/summery-xa0000001116;https://www.allmusic.com/mood/trippy-xa0000000749;https://www.allmusic.com/mood/cheerful-xa0000000704;https://www.allmusic.com/mood/gentle-xa0000001008;https://www.allmusic.com/mood/warm-xa0000001138;https://www.allmusic.com/mood/elegant-xa0000000988;https://www.allmusic.com/mood/energetic-xa0000000990","At the Beach;Maverick;Relaxation;Futurism;Imagination;Long Walk;Affirmation;Empowerment;Freedom;Hanging Out;Myths & Legends;Playful;Road Trip;Summer;Sunday Afternoon;Rainy Day","https://www.allmusic.com/theme/at-the-beach-ma0000005034;https://www.allmusic.com/theme/maverick-ma0000006335;https://www.allmusic.com/theme/relaxation-ma0000006314;https://www.allmusic.com/theme/futurism-ma0000013565;https://www.allmusic.com/theme/imagination-ma0000006299;https://www.allmusic.com/theme/long-walk-ma0000006317;https://www.allmusic.com/theme/affirmation-ma0000006324;https://www.allmusic.com/theme/empowerment-ma0000005579;https://www.allmusic.com/theme/freedom-ma0000005063;https://www.allmusic.com/theme/hanging-out-ma0000006297;https://www.allmusic.com/theme/myths-legends-ma0000005058;https://www.allmusic.com/theme/playful-ma0000006315;https://www.allmusic.com/theme/road-trip-ma0000006287;https://www.allmusic.com/theme/summer-ma0000004281;https://www.allmusic.com/theme/sunday-afternoon-ma0000006310;https://www.allmusic.com/theme/rainy-day-ma0000005096","https://www.allmusic.com/album/traffic-in-the-sky-lee-scratch-perry-x-subatomic-sound-system-dub--mw0003977188"
"All God's Children: Songs from the British Jesus Rock Revolution 1967-1974","03:57:25","September 22, 2023","7",NA,"","Pop/Rock;Religious","https://www.allmusic.com/genre/pop-rock-ma0000002613;https://www.allmusic.com/genre/religious-ma0000004431","Album Rock;British Folk-Rock;Folk-Rock;Jesus Rock;AM Pop;Contemporary Christian","https://www.allmusic.com/style/album-rock-ma0000004459;https://www.allmusic.com/style/british-folk-rock-ma0000002483;https://www.allmusic.com/style/folk-rock-ma0000002593;https://www.allmusic.com/style/jesus-rock-ma0000012213;https://www.allmusic.com/style/am-pop-ma0000012000;https://www.allmusic.com/style/contemporary-christian-ma0000002529","Earnest;Earthy;Freewheeling;Organic;Searching;Spiritual;Sprawling;Wistful;Ramshackle;Reassuring/Consoling;Reverent","https://www.allmusic.com/mood/earnest-xa0000000980;https://www.allmusic.com/mood/earthy-xa0000000981;https://www.allmusic.com/mood/freewheeling-xa0000001005;https://www.allmusic.com/mood/organic-xa0000001057;https://www.allmusic.com/mood/searching-xa0000001088;https://www.allmusic.com/mood/spiritual-xa0000001105;https://www.allmusic.com/mood/sprawling-xa0000001108;https://www.allmusic.com/mood/wistful-xa0000001142;https://www.allmusic.com/mood/ramshackle-xa0000001072;https://www.allmusic.com/mood/reassuring-consoling-xa0000001074;https://www.allmusic.com/mood/reverent-xa0000000757","Sunday Afternoon;Comfort;Compassion;Affection/Fondness;Yearning;Stay in Bed","https://www.allmusic.com/theme/sunday-afternoon-ma0000006310;https://www.allmusic.com/theme/comfort-ma0000006325;https://www.allmusic.com/theme/compassion-ma0000013567;https://www.allmusic.com/theme/affection-fondness-ma0000006327;https://www.allmusic.com/theme/yearning-ma0000005047;https://www.allmusic.com/theme/stay-in-bed-ma0000006326","https://www.allmusic.com/album/all-gods-children-songs-from-the-british-jesus-rock-revolution-1967-1974-mw0004036672"
"Into Tomorrow: The Spirit of Mod 1983-2000","05:15:14","September 29, 2023","7",NA,"","Pop/Rock","https://www.allmusic.com/genre/pop-rock-ma0000002613","Alternative Pop/Rock;Mod Revival;Britpop;Punk/New Wave;Alternative/Indie Rock;Acid Jazz;New Wave","https://www.allmusic.com/style/alternative-pop-rock-ma0000002422;https://www.allmusic.com/style/mod-revival-ma0000011829;https://www.allmusic.com/style/britpop-ma0000002480;https://www.allmusic.com/style/punk-new-wave-ma0000011872;https://www.allmusic.com/style/alternative-indie-rock-ma0000012230;https://www.allmusic.com/style/acid-jazz-ma0000002414;https://www.allmusic.com/style/new-wave-ma0000002750","Cheerful;Amiable/Good-Natured;Brash;Earnest;Innocent;Playful;Sophisticated;Strong;Stylish;Celebratory;Fun;Whimsical;Agreeable;Earthy;Explosive;Marching;Striding;Organic","https://www.allmusic.com/mood/cheerful-xa0000000704;https://www.allmusic.com/mood/amiable-good-natured-xa0000000934;https://www.allmusic.com/mood/brash-xa0000000949;https://www.allmusic.com/mood/earnest-xa0000000980;https://www.allmusic.com/mood/innocent-xa0000001025;https://www.allmusic.com/mood/playful-xa0000001067;https://www.allmusic.com/mood/sophisticated-xa0000001100;https://www.allmusic.com/mood/strong-xa0000000772;https://www.allmusic.com/mood/stylish-xa0000001113;https://www.allmusic.com/mood/celebratory-xa0000000703;https://www.allmusic.com/mood/fun-xa0000001006;https://www.allmusic.com/mood/whimsical-xa0000001140;https://www.allmusic.com/mood/agreeable-xa0000000715;https://www.allmusic.com/mood/earthy-xa0000000981;https://www.allmusic.com/mood/explosive-xa0000000700;https://www.allmusic.com/mood/marching-xa0000000729;https://www.allmusic.com/mood/striding-xa0000000771;https://www.allmusic.com/mood/organic-xa0000001057","Politics/Society;Club;Hanging Out","https://www.allmusic.com/theme/politics-society-ma0000005093;https://www.allmusic.com/theme/club-ma0000005633;https://www.allmusic.com/theme/hanging-out-ma0000006297","https://www.allmusic.com/album/into-tomorrow-the-spirit-of-mod-1983-2000-mw0004037157"
"Wagging Tongue","41:37","July 6, 2023","",NA,"","Pop/Rock","https://www.allmusic.com/genre/pop-rock-ma0000002613","","","","","","","https://www.allmusic.com/album/wagging-tongue-mw0004038896"
"Rarities and Lost Gems",NA,"July 21, 2023","",NA,"","Pop/Rock","https://www.allmusic.com/genre/pop-rock-ma0000002613","Early Pop/Rock","https://www.allmusic.com/style/early-pop-rock-ma0000002763","","","","","https://www.allmusic.com/album/rarities-and-lost-gems-mw0004040071"
"SYNTHY SISTERS TAKE 2","06:32","July 21, 2023","",NA,"","Electronic","https://www.allmusic.com/genre/electronic-ma0000002572","Techno","https://www.allmusic.com/style/techno-ma0000002893","","","","","https://www.allmusic.com/album/synthy-sisters-take-2-mw0004040364"
"The Hillbillies","03:24","May 30, 2023","",NA,"","Rap","https://www.allmusic.com/genre/rap-ma0000002816","","","","","","","https://www.allmusic.com/album/the-hillbillies-mw0004040516"
"Take Me Out","04:03","June 9, 2023","",NA,"","Country","https://www.allmusic.com/genre/country-ma0000002532","","","","","","","https://www.allmusic.com/album/take-me-out-mw0004040519"
"VULGAR","05:31","June 9, 2023","",NA,"","Pop/Rock","https://www.allmusic.com/genre/pop-rock-ma0000002613","Club/Dance","https://www.allmusic.com/style/club-dance-ma0000002544","","","","","https://www.allmusic.com/album/vulgar-mw0004040609"
"Eva",NA,"July 15, 2023","",NA,"","Jazz","https://www.allmusic.com/genre/jazz-ma0000002674","Bop;Early Jazz;Mainstream Jazz;Swing;Post-Bop;Jazz Instrument;Saxophone Jazz;Big Band","https://www.allmusic.com/style/bop-ma0000002457;https://www.allmusic.com/style/early-jazz-ma0000002519;https://www.allmusic.com/style/mainstream-jazz-ma0000012249;https://www.allmusic.com/style/swing-ma0000004423;https://www.allmusic.com/style/post-bop-ma0000005010;https://www.allmusic.com/style/jazz-instrument-ma0000002947;https://www.allmusic.com/style/saxophone-jazz-ma0000002479;https://www.allmusic.com/style/big-band-ma0000002461","Cerebral;Elegant;Sophisticated;Bittersweet;Confident;Freewheeling;Laid-Back/Mellow;Lush;Passionate;Plaintive;Refined;Reflective;Rollicking;Sensual;Soothing;Stylish;Warm;Yearning;Gritty;Fun;Literate;Playful;Amiable/Good-Natured;Energetic;Reserved;Restrained;Romantic;Boisterous;Earthy;Exuberant","https://www.allmusic.com/mood/cerebral-xa0000000959;https://www.allmusic.com/mood/elegant-xa0000000988;https://www.allmusic.com/mood/sophisticated-xa0000001100;https://www.allmusic.com/mood/bittersweet-xa0000000946;https://www.allmusic.com/mood/confident-xa0000000748;https://www.allmusic.com/mood/freewheeling-xa0000001005;https://www.allmusic.com/mood/laid-back-mellow-xa0000001032;https://www.allmusic.com/mood/lush-xa0000001037;https://www.allmusic.com/mood/passionate-xa0000001062;https://www.allmusic.com/mood/plaintive-xa0000001066;https://www.allmusic.com/mood/refined-xa0000001076;https://www.allmusic.com/mood/reflective-xa0000000753;https://www.allmusic.com/mood/rollicking-xa0000001080;https://www.allmusic.com/mood/sensual-xa0000000764;https://www.allmusic.com/mood/soothing-xa0000001099;https://www.allmusic.com/mood/stylish-xa0000001113;https://www.allmusic.com/mood/warm-xa0000001138;https://www.allmusic.com/mood/yearning-xa0000000733;https://www.allmusic.com/mood/gritty-xa0000001014;https://www.allmusic.com/mood/fun-xa0000001006;https://www.allmusic.com/mood/literate-xa0000001036;https://www.allmusic.com/mood/playful-xa0000001067;https://www.allmusic.com/mood/amiable-good-natured-xa0000000934;https://www.allmusic.com/mood/energetic-xa0000000990;https://www.allmusic.com/mood/reserved-xa0000001077;https://www.allmusic.com/mood/restrained-xa0000000756;https://www.allmusic.com/mood/romantic-xa0000000758;https://www.allmusic.com/mood/boisterous-xa0000000699;https://www.allmusic.com/mood/earthy-xa0000000981;https://www.allmusic.com/mood/exuberant-xa0000000997","Celebration;Reminiscing;Dinner Ambiance;Drinking;Freedom;Hanging Out;Imagination;Reflection;Sunday Afternoon;Introspection;Late Night;Relaxation","https://www.allmusic.com/theme/celebration-ma0000005042;https://www.allmusic.com/theme/reminiscing-ma0000005079;https://www.allmusic.com/theme/dinner-ambiance-ma0000006288;https://www.allmusic.com/theme/drinking-ma0000004252;https://www.allmusic.com/theme/freedom-ma0000005063;https://www.allmusic.com/theme/hanging-out-ma0000006297;https://www.allmusic.com/theme/imagination-ma0000006299;https://www.allmusic.com/theme/reflection-ma0000006316;https://www.allmusic.com/theme/sunday-afternoon-ma0000006310;https://www.allmusic.com/theme/introspection-ma0000006318;https://www.allmusic.com/theme/late-night-ma0000006321;https://www.allmusic.com/theme/relaxation-ma0000006314","https://www.allmusic.com/album/eva-mw0004040845"
"Bing at the Movies, Vol. 1","39:54","June 2, 2023","",NA,"","Easy Listening","https://www.allmusic.com/genre/easy-listening-ma0000002567","","","","","","","https://www.allmusic.com/album/bing-at-the-movies-vol-1-mw0004041218"
"America","23:56","May 26, 2023","",NA,"","Country","https://www.allmusic.com/genre/country-ma0000002532","","","","","","","https://www.allmusic.com/album/america-mw0004041441"
"A Song for Leon: A Tribute to Leon Russell","41:53","September 8, 2023","7",NA,"","Country;Pop/Rock","https://www.allmusic.com/genre/country-ma0000002532;https://www.allmusic.com/genre/pop-rock-ma0000002613","Alternative Singer/Songwriter;Alternative/Indie Rock;Neo-Traditionalist Country;Americana;Contemporary Country","https://www.allmusic.com/style/alternative-singer-songwriter-ma0000012100;https://www.allmusic.com/style/alternative-indie-rock-ma0000012230;https://www.allmusic.com/style/neo-traditionalist-country-ma0000012188;https://www.allmusic.com/style/americana-ma0000004415;https://www.allmusic.com/style/contemporary-country-ma0000002946","Bright;Gritty;Intimate;Lively;Lyrical;Philosophical;Visceral;Ambitious;Literate;Passionate;Reflective;Rousing;Spiritual;Brooding;Confident;Flowing;Organic;Plaintive;Playful;Poignant;Sad;Thoughtful;Wistful;Yearning;Bittersweet;Earnest;Earthy;Enigmatic;Searching;Warm;Dramatic;Intense;Melancholy;Sensual","https://www.allmusic.com/mood/bright-xa0000000952;https://www.allmusic.com/mood/gritty-xa0000001014;https://www.allmusic.com/mood/intimate-xa0000000722;https://www.allmusic.com/mood/lively-xa0000000726;https://www.allmusic.com/mood/lyrical-xa0000001038;https://www.allmusic.com/mood/philosophical-xa0000001064;https://www.allmusic.com/mood/visceral-xa0000001135;https://www.allmusic.com/mood/ambitious-xa0000000933;https://www.allmusic.com/mood/literate-xa0000001036;https://www.allmusic.com/mood/passionate-xa0000001062;https://www.allmusic.com/mood/reflective-xa0000000753;https://www.allmusic.com/mood/rousing-xa0000000759;https://www.allmusic.com/mood/spiritual-xa0000001105;https://www.allmusic.com/mood/brooding-xa0000000954;https://www.allmusic.com/mood/confident-xa0000000748;https://www.allmusic.com/mood/flowing-xa0000000713;https://www.allmusic.com/mood/organic-xa0000001057;https://www.allmusic.com/mood/plaintive-xa0000001066;https://www.allmusic.com/mood/playful-xa0000001067;https://www.allmusic.com/mood/poignant-xa0000001068;https://www.allmusic.com/mood/sad-xa0000000761;https://www.allmusic.com/mood/thoughtful-xa0000001121;https://www.allmusic.com/mood/wistful-xa0000001142;https://www.allmusic.com/mood/yearning-xa0000000733;https://www.allmusic.com/mood/bittersweet-xa0000000946;https://www.allmusic.com/mood/earnest-xa0000000980;https://www.allmusic.com/mood/earthy-xa0000000981;https://www.allmusic.com/mood/enigmatic-xa0000000991;https://www.allmusic.com/mood/searching-xa0000001088;https://www.allmusic.com/mood/warm-xa0000001138;https://www.allmusic.com/mood/dramatic-xa0000000708;https://www.allmusic.com/mood/intense-xa0000000721;https://www.allmusic.com/mood/melancholy-xa0000000734;https://www.allmusic.com/mood/sensual-xa0000000764","Lifecycle;Comfort;Introspection;Open Road;Reflection;Relaxation;Everyday Life;Feeling Blue;Girls Night Out;Gratitude;Hanging Out;Heartache;Road Trip;Drinking;Late Night;Long Walk;Rainy Day;Relationships;Breakup","https://www.allmusic.com/theme/lifecycle-ma0000005075;https://www.allmusic.com/theme/comfort-ma0000006325;https://www.allmusic.com/theme/introspection-ma0000006318;https://www.allmusic.com/theme/open-road-ma0000005099;https://www.allmusic.com/theme/reflection-ma0000006316;https://www.allmusic.com/theme/relaxation-ma0000006314;https://www.allmusic.com/theme/everyday-life-ma0000005057;https://www.allmusic.com/theme/feeling-blue-ma0000004251;https://www.allmusic.com/theme/girls-night-out-ma0000006292;https://www.allmusic.com/theme/gratitude-ma0000013590;https://www.allmusic.com/theme/hanging-out-ma0000006297;https://www.allmusic.com/theme/heartache-ma0000006311;https://www.allmusic.com/theme/road-trip-ma0000006287;https://www.allmusic.com/theme/drinking-ma0000004252;https://www.allmusic.com/theme/late-night-ma0000006321;https://www.allmusic.com/theme/long-walk-ma0000006317;https://www.allmusic.com/theme/rainy-day-ma0000005096;https://www.allmusic.com/theme/relationships-ma0000005097;https://www.allmusic.com/theme/breakup-ma0000004248","https://www.allmusic.com/album/a-song-for-leon-a-tribute-to-leon-russell-mw0004041567"
"Siembra: 45 Aniversario - En Vivo en el Coliseo de Puerto Rico",NA,"August 4, 2023","",NA,"","Pop/Rock;Latin","https://www.allmusic.com/genre/pop-rock-ma0000002613;https://www.allmusic.com/genre/latin-ma0000002692","","","","","","","https://www.allmusic.com/album/siembra-45-aniversario-en-vivo-en-el-coliseo-de-puerto-rico-mw0004041625"
"Ellington in Order, Vol. 2 (1928-30)","02:23:53","July 14, 2023","",NA,"","Jazz","https://www.allmusic.com/genre/jazz-ma0000002674","","","","","","","https://www.allmusic.com/album/ellington-in-order-vol-2-1928-30-mw0004042363"
"125th Street Prophet",NA,"July 7, 2023","",NA,"","Jazz","https://www.allmusic.com/genre/jazz-ma0000002674","","","","","","","https://www.allmusic.com/album/125th-street-prophet-mw0004042715"
"Mendelssohn: Violin Concerto No. 2","24:14","July 10, 2023","",NA,"","Classical","https://www.allmusic.com/genre/classical-ma0000002521","Concerto","https://www.allmusic.com/style/concerto-ma0000012338","","","","","https://www.allmusic.com/album/mendelssohn-violin-concerto-no-2-mw0004042450"
"Wishing You Well",NA,"August 11, 2023","",NA,"","Reggae","https://www.allmusic.com/genre/reggae-ma0000002820","","","","","","","https://www.allmusic.com/album/wishing-you-well-mw0004042500"
